TEMPLATE:
1. [<name of graph>]
2. edges in order (<verticle>, <verticle2>, <resistance>) separated by ';'
3. sem in order '<verticle>;<verticle2>;<voltage>'
4. empty line to get everything clear :)

[spojny10]
(0,1,15);(1,2,15);(2,3,1);(3,4,7);(4,5,14);(5,6,9);(6,7,8);(7,8,12);(8,9,15);(9,0,14);(0,3,5);(0,6,2);(0,7,6);(1,7,14);(1,9,4);(2,6,5);(2,8,0);(3,5,9);(3,7,3);(3,9,3);(4,6,3);(4,7,3);(7,9,3)
0;8;10

[spojny100]
(0,1,3);(1,2,14);(2,3,3);(3,4,4);(4,5,7);(5,6,10);(6,7,1);(7,8,9);(8,9,2);(9,10,14);(10,11,7);(11,12,7);(12,13,4);(13,14,10);(14,15,3);(15,16,12);(16,17,12);(17,18,5);(18,19,2);(19,20,12);(20,21,14);(21,22,2);(22,23,15);(23,24,14);(24,25,14);(25,26,1);(26,27,8);(27,28,12);(28,29,4);(29,30,15);(30,31,15);(31,32,1);(32,33,13);(33,34,9);(34,35,1);(35,36,0);(36,37,7);(37,38,4);(38,39,12);(39,40,2);(40,41,13);(41,42,7);(42,43,5);(43,44,15);(44,45,14);(45,46,7);(46,47,9);(47,48,10);(48,49,14);(49,50,12);(50,51,13);(51,52,15);(52,53,6);(53,54,15);(54,55,14);(55,56,9);(56,57,4);(57,58,9);(58,59,3);(59,60,6);(60,61,5);(61,62,7);(62,63,14);(63,64,15);(64,65,3);(65,66,7);(66,67,8);(67,68,3);(68,69,0);(69,70,4);(70,71,5);(71,72,14);(72,73,0);(73,74,15);(74,75,4);(75,76,3);(76,77,12);(77,78,15);(78,79,2);(79,80,10);(80,81,6);(81,82,1);(82,83,2);(83,84,14);(84,85,8);(85,86,2);(86,87,12);(87,88,11);(88,89,2);(89,90,14);(90,91,9);(91,92,5);(92,93,3);(93,94,5);(94,95,9);(95,96,14);(96,97,8);(97,98,2);(98,99,9);(99,0,1);(0,2,0);(0,7,10);(0,8,2);(0,13,0);(0,15,5);(0,18,7);(0,22,2);(0,28,4);(0,35,2);(0,37,6);(0,41,8);(0,42,2);(0,47,7);(0,49,7);(0,58,12);(0,65,2);(0,73,2);(0,75,7);(0,79,9);(0,82,3);(0,85,9);(0,88,13);(0,89,14);(0,90,2);(0,93,4);(0,96,1);(1,9,13);(1,15,11);(1,18,10);(1,19,2);(1,31,5);(1,32,12);(1,37,10);(1,38,6);(1,46,10);(1,47,15);(1,69,9);(1,73,3);(1,76,0);(1,88,9);(1,92,3);(1,94,4);(1,98,2);(2,9,4);(2,11,11);(2,13,7);(2,15,10);(2,19,6);(2,21,12);(2,23,8);(2,26,12);(2,27,10);(2,32,11);(2,55,11);(2,58,3);(2,68,15);(2,69,11);(2,74,4);(2,75,1);(2,79,5);(2,87,15);(2,90,12);(2,91,11);(3,5,13);(3,8,15);(3,10,7);(3,11,13);(3,19,4);(3,38,4);(3,44,0);(3,58,3);(3,63,13);(3,67,2);(3,73,10);(3,74,3);(3,76,0);(3,79,8);(3,85,3);(3,87,3);(3,95,6);(4,8,8);(4,12,8);(4,14,3);(4,20,0);(4,24,4);(4,26,15);(4,31,5);(4,37,12);(4,47,12);(4,52,4);(4,53,9);(4,55,9);(4,61,13);(4,69,8);(4,73,1);(4,74,7);(4,75,7);(4,81,4);(4,83,12);(4,84,3);(4,86,5);(5,17,2);(5,19,6);(5,21,7);(5,23,6);(5,24,2);(5,25,14);(5,29,15);(5,33,13);(5,34,0);(5,35,9);(5,37,7);(5,39,9);(5,42,12);(5,45,9);(5,51,6);(5,61,4);(5,62,10);(5,63,11);(5,64,15);(5,69,1);(5,70,13);(5,72,4);(5,89,8);(6,31,13);(6,33,5);(6,46,12);(6,49,1);(6,57,3);(6,64,1);(6,67,14);(6,70,6);(6,72,10);(6,76,4);(6,82,1);(6,86,5);(6,87,8);(6,91,1);(6,97,13);(7,9,12);(7,18,5);(7,20,14);(7,27,0);(7,34,11);(7,37,8);(7,38,3);(7,39,12);(7,46,3);(7,54,12);(7,55,15);(7,61,4);(7,66,14);(7,70,1);(7,76,1);(7,78,10);(7,79,2);(7,90,15);(7,96,8);(8,11,1);(8,19,1);(8,22,0);(8,24,6);(8,27,15);(8,31,13);(8,33,15);(8,38,5);(8,50,7);(8,51,2);(8,64,3);(8,66,0);(8,72,4);(8,75,14);(8,83,10);(8,85,9);(8,89,11);(8,91,3);(8,94,13);(8,96,8);(9,11,13);(9,13,8);(9,29,9);(9,30,9);(9,31,6);(9,34,13);(9,36,0);(9,46,10);(9,55,2);(9,63,3);(9,65,11);(9,66,4);(9,82,7);(9,85,10);(9,88,4);(9,89,11);(9,90,8);(9,91,4);(9,95,9);(9,97,0);(10,18,4);(10,21,11);(10,28,4);(10,32,9);(10,33,15);(10,36,14);(10,40,8);(10,43,5);(10,45,8);(10,47,10);(10,54,5);(10,55,6);(10,56,1);(10,59,1);(10,64,6);(10,81,7);(10,86,13);(10,89,10);(10,96,6);(11,14,6);(11,26,1);(11,27,3);(11,47,8);(11,51,1);(11,56,11);(11,68,9);(11,69,5);(11,75,5);(11,77,11);(11,81,12);(11,85,5);(11,90,4);(11,95,12);(11,98,1);(11,99,5);(12,15,8);(12,20,11);(12,40,4);(12,44,1);(12,51,2);(12,66,12);(12,78,9);(12,82,10);(12,84,9);(12,87,9);(12,89,6);(12,93,11);(12,95,4);(13,20,3);(13,29,2);(13,31,4);(13,33,5);(13,43,0);(13,44,0);(13,46,10);(13,50,8);(13,53,15);(13,55,12);(13,56,10);(13,65,9);(13,66,3);(13,67,13);(13,70,13);(13,73,8);(13,77,5);(13,79,1);(13,87,3);(13,92,7);(14,28,11);(14,29,4);(14,33,15);(14,52,1);(14,57,14);(14,58,12);(14,63,12);(14,65,0);(14,66,0);(14,67,8);(14,73,13);(14,74,14);(14,77,13);(14,79,11);(14,80,12);(14,84,5);(14,86,3);(14,87,3);(14,90,14);(14,91,3);(14,92,11);(14,95,14);(14,97,7);(15,21,2);(15,23,8);(15,29,12);(15,38,6);(15,42,2);(15,45,15);(15,48,1);(15,49,3);(15,58,3);(15,60,4);(15,61,13);(15,67,9);(15,68,13);(15,73,3);(15,88,10);(15,92,2);(15,97,10);(16,21,7);(16,25,5);(16,28,15);(16,42,2);(16,43,12);(16,47,7);(16,49,7);(16,51,2);(16,53,0);(16,54,1);(16,66,12);(16,67,6);(16,72,7);(16,76,3);(16,78,12);(16,83,5);(16,86,1);(16,88,8);(16,89,4);(16,95,10);(17,20,14);(17,23,2);(17,26,2);(17,27,12);(17,33,3);(17,35,2);(17,37,5);(17,42,9);(17,52,5);(17,53,0);(17,55,10);(17,56,7);(17,59,14);(17,60,5);(17,63,15);(17,75,7);(17,79,15);(17,83,13);(17,89,6);(17,92,11);(17,96,8);(18,23,14);(18,26,4);(18,31,15);(18,33,12);(18,38,8);(18,42,8);(18,43,10);(18,54,13);(18,57,13);(18,59,4);(18,65,12);(18,66,11);(18,71,10);(18,73,6);(18,78,3);(18,80,12);(18,81,0);(18,88,8);(18,94,12);(18,95,9);(18,98,15);(19,28,13);(19,48,5);(19,50,11);(19,54,0);(19,56,5);(19,57,3);(19,58,14);(19,59,6);(19,68,3);(19,75,6);(19,80,14);(19,90,2);(19,93,1);(19,98,9);(20,31,6);(20,35,12);(20,36,9);(20,37,0);(20,39,14);(20,52,13);(20,53,11);(20,58,5);(20,65,0);(20,67,10);(20,73,7);(20,79,8);(20,80,0);(20,82,5);(20,89,1);(20,90,12);(21,39,12);(21,48,5);(21,49,12);(21,59,1);(21,63,5);(21,69,12);(21,72,13);(21,74,12);(21,78,15);(21,83,9);(21,85,12);(21,87,11);(21,91,15);(22,34,12);(22,38,1);(22,46,4);(22,52,1);(22,58,4);(22,60,12);(22,62,12);(22,73,15);(23,28,5);(23,34,15);(23,39,8);(23,44,13);(23,48,15);(23,52,11);(23,53,12);(23,62,5);(23,66,13);(23,73,4);(23,79,14);(23,80,10);(23,84,11);(23,93,8);(23,97,4);(24,31,6);(24,34,12);(24,35,11);(24,37,8);(24,39,9);(24,43,7);(24,45,8);(24,46,15);(24,60,5);(24,61,13);(24,65,11);(24,70,3);(24,82,8);(24,86,12);(24,88,9);(25,27,6);(25,28,0);(25,31,15);(25,37,1);(25,41,14);(25,42,8);(25,43,9);(25,47,12);(25,60,12);(25,66,9);(25,69,3);(25,70,0);(25,86,12);(25,97,3);(26,28,15);(26,35,9);(26,52,15);(26,55,11);(26,58,14);(26,60,11);(26,70,13);(26,71,11);(26,72,13);(26,76,11);(26,83,9);(26,84,8);(26,86,14);(26,89,9);(26,92,12);(26,94,8);(26,98,12);(27,38,0);(27,40,8);(27,45,10);(27,47,15);(27,49,10);(27,52,9);(27,56,13);(27,60,11);(27,66,6);(27,67,4);(27,68,15);(27,73,4);(27,98,15);(27,99,15);(28,31,14);(28,38,3);(28,40,3);(28,67,12);(28,68,14);(28,82,10);(28,89,13);(28,90,9);(28,97,10);(29,32,13);(29,34,13);(29,38,13);(29,54,10);(29,62,4);(29,76,0);(29,86,11);(29,92,15);(30,35,8);(30,36,0);(30,40,15);(30,43,12);(30,50,9);(30,58,0);(30,59,12);(30,69,5);(30,73,8);(30,74,11);(30,81,10);(30,87,2);(30,90,11);(30,91,7);(31,38,5);(31,40,7);(31,43,13);(31,44,5);(31,55,1);(31,62,15);(31,64,12);(31,71,7);(31,77,2);(31,79,8);(31,83,7);(31,88,0);(31,96,7);(31,98,12);(31,99,4);(32,34,2);(32,37,15);(32,46,1);(32,49,0);(32,53,14);(32,60,11);(32,68,6);(32,78,7);(32,90,12);(32,91,0);(32,95,12);(32,98,8);(33,36,12);(33,37,11);(33,47,12);(33,48,9);(33,50,15);(33,51,2);(33,53,2);(33,64,10);(33,66,2);(33,73,4);(33,80,2);(33,82,15);(33,87,5);(33,88,2);(33,95,8);(34,38,4);(34,43,6);(34,50,8);(34,58,2);(34,59,10);(34,68,6);(34,69,11);(34,73,8);(34,80,14);(34,82,11);(34,85,14);(34,92,9);(34,94,12);(35,47,9);(35,53,7);(35,56,7);(35,61,0);(35,71,5);(35,79,6);(35,83,11);(35,97,14);(36,41,6);(36,42,8);(36,54,7);(36,70,7);(36,75,6);(36,77,13);(36,79,12);(36,80,4);(36,83,13);(37,40,5);(37,44,12);(37,46,2);(37,50,3);(37,67,1);(37,69,15);(37,88,11);(37,93,15);(37,96,9);(37,97,12);(38,47,2);(38,51,5);(38,54,14);(38,55,12);(38,69,9);(38,72,4);(38,73,1);(38,75,12);(38,78,3);(38,86,6);(38,87,6);(38,99,2);(39,50,3);(39,53,3);(39,61,10);(39,64,6);(39,66,12);(39,70,1);(39,75,9);(39,78,15);(39,82,9);(39,87,9);(39,90,10);(39,91,13);(39,93,0);(39,98,4);(40,42,0);(40,46,9);(40,50,8);(40,55,2);(40,68,10);(40,69,11);(40,74,5);(40,77,14);(40,78,9);(40,79,13);(40,93,15);(40,95,9);(40,98,2);(40,99,7);(41,47,14);(41,50,2);(41,52,1);(41,57,5);(41,61,15);(41,62,8);(41,66,0);(41,70,13);(41,75,1);(41,77,7);(41,93,3);(42,58,10);(42,62,5);(42,65,15);(42,68,10);(42,73,4);(42,76,14);(42,79,4);(42,84,2);(42,97,10);(43,49,9);(43,51,4);(43,53,5);(43,61,13);(43,64,15);(43,66,7);(43,71,12);(43,74,3);(43,75,1);(43,87,13);(43,99,0);(44,54,4);(44,56,11);(44,71,7);(44,75,15);(44,77,1);(44,78,14);(44,80,14);(44,82,14);(44,88,13);(44,97,13);(45,48,12);(45,58,7);(45,62,15);(45,66,7);(45,76,7);(45,80,11);(45,83,4);(45,90,13);(45,91,11);(45,92,3);(45,94,0);(45,99,11);(46,51,11);(46,52,2);(46,65,4);(46,82,5);(46,94,8);(46,96,8);(47,49,8);(47,53,15);(47,62,6);(47,68,11);(47,73,7);(47,75,8);(47,86,13);(47,89,14);(47,92,0);(47,95,15);(48,61,15);(48,64,8);(48,69,5);(48,70,8);(48,71,6);(48,74,0);(48,78,4);(48,87,9);(48,93,9);(48,99,7);(49,58,1);(49,64,13);(49,74,12);(49,76,13);(49,95,6);(49,98,10);(50,62,1);(50,76,1);(50,89,7);(51,57,11);(51,61,2);(51,63,0);(51,71,11);(51,74,2);(51,86,6);(51,87,11);(51,91,12);(51,99,3);(52,54,7);(52,59,0);(52,71,7);(52,74,7);(52,79,8);(52,83,1);(52,90,3);(52,94,13);(52,95,5);(52,98,4);(53,56,0);(53,61,11);(53,62,7);(53,67,6);(53,86,3);(54,56,7);(54,59,3);(54,61,14);(54,62,0);(54,72,3);(54,76,8);(54,78,4);(54,79,5);(54,83,8);(54,90,2);(54,92,4);(54,93,1);(54,94,9);(54,96,5);(54,98,7);(55,59,5);(55,61,14);(55,68,4);(55,69,4);(55,72,3);(55,73,9);(55,86,8);(56,65,1);(56,74,6);(56,92,4);(56,95,10);(56,96,12);(57,65,7);(57,69,13);(57,72,11);(57,76,2);(57,78,7);(57,82,7);(57,88,4);(57,94,10);(57,97,7);(58,65,8);(58,67,0);(58,69,10);(58,72,0);(58,75,9);(58,80,0);(58,97,2);(59,62,11);(59,70,9);(59,72,13);(59,75,8);(59,78,14);(59,80,15);(59,84,10);(59,89,10);(59,90,12);(59,91,14);(59,93,14);(59,95,7);(59,96,9);(59,97,0);(59,99,13);(60,79,2);(60,90,13);(60,94,11);(61,70,9);(61,72,4);(61,73,2);(61,83,12);(61,86,13);(61,99,4);(62,64,10);(62,69,0);(62,70,3);(62,79,4);(62,82,15);(62,83,7);(62,94,15);(62,96,4);(62,98,7);(63,65,0);(63,69,3);(63,81,0);(63,92,1);(64,68,10);(64,78,15);(64,90,8);(64,95,8);(65,69,7);(65,70,1);(65,74,15);(65,75,10);(65,76,3);(65,78,9);(65,83,8);(65,87,10);(65,92,11);(65,93,12);(66,74,7);(66,75,8);(66,86,0);(66,87,15);(66,89,4);(66,95,3);(67,70,3);(67,72,8);(67,77,6);(67,80,3);(67,83,9);(67,90,2);(67,91,11);(67,93,15);(67,94,3);(68,79,4);(68,80,6);(68,83,3);(68,90,8);(68,95,15);(69,78,1);(69,92,6);(69,98,4);(70,72,4);(70,77,14);(70,86,2);(70,89,11);(71,82,3);(71,87,7);(71,90,0);(71,91,12);(71,92,9);(71,93,3);(71,94,7);(71,99,10);(72,95,6);(73,83,4);(73,86,5);(73,96,14);(73,97,9);(74,76,7);(74,85,3);(74,87,1);(74,94,7);(74,99,15);(75,83,0);(75,87,7);(75,89,15);(76,79,6);(76,88,2);(76,89,9);(76,91,3);(76,93,15);(76,97,4);(77,88,12);(77,95,0);(77,98,4);(78,84,1);(78,88,14);(78,91,13);(78,99,2);(79,88,0);(79,89,2);(79,98,12);(80,92,0);(80,96,12);(80,97,4);(80,99,12);(81,88,8);(81,90,10);(81,99,13);(82,86,12);(82,90,7);(82,92,7);(82,95,9);(82,97,1);(82,98,4);(83,88,12);(83,91,3);(83,94,12);(83,95,3);(83,98,13);(84,91,11);(84,96,0);(85,87,14);(85,88,9);(85,91,8);(85,95,14);(85,96,6);(85,97,11);(86,96,11);(86,98,15);(87,94,7);(87,97,12);(87,98,10);(88,97,2);(89,94,14);(89,96,5);(90,99,15);(91,93,12);(91,94,11);(92,94,10);(92,99,12);(93,95,10);(94,98,0);(94,99,9);(97,99,10)
4;36;20

[3-regularny]
(1,2,5);(2,3,4);(3,4,1);(4,5,3);(5,7,9);(7,1,3);(1,6,6)
0;3;10

[z mostkiem]
(1,2,5);(2,3,4);(3,4,1);(4,5,3);(5,7,9);(7,1,3);(1,6,6)
0;3;10


[siatka 2D]
(0,1, 5);(0,10, 2);(1,2, 7);(1,11, 12);(2,3, 4);(2,12, 0);(3,4, 5);(3,13, 6);(4,5, 11);(4,14, 2);(5,6, 6);(5,15, 0);(6,7, 3);(6,16, 5);(7,8, 12);(7,17, 7);(8,9, 2);(8,18, 15);(9,19, 11);(10,11, 3);(10,20, 2);(11,12, 0);(11,21, 6);(12,13, 10);(12,22, 3);(13,14, 10);(13,23, 13);(14,15, 7);(14,24, 11);(15,16, 2);(15,25, 4);(16,17, 11);(16,26, 13);(17,18, 3);(17,27, 1);(18,19, 4);(18,28, 14);(19,29, 5);(20,21, 0);(20,30, 3);(21,22, 6);(21,31, 13);(22,23, 4);(22,32, 13);(23,24, 4);(23,33, 12);(24,25, 0);(24,34, 1);(25,26, 10);(25,35, 3);(26,27, 15);(26,36, 2);(27,28, 2);(27,37, 2);(28,29, 8);(28,38, 9);(29,39, 9);(30,31, 7);(30,40, 12);(31,32, 9);(31,41, 14);(32,33, 11);(32,42, 9);(33,34, 14);(33,43, 1);(34,35, 11);(34,44, 13);(35,36, 8);(35,45, 7);(36,37, 11);(36,46, 10);(37,38, 1);(37,47, 6);(38,39, 10);(38,48, 0);(39,49, 11);(40,41, 10);(40,50, 2);(41,42, 13);(41,51, 12);(42,43, 7);(42,52, 9);(43,44, 15);(43,53, 4);(44,45, 10);(44,54, 11);(45,46, 8);(45,55, 14);(46,47, 2);(46,56, 2);(47,48, 5);(47,57, 8);(48,49, 1);(48,58, 10);(49,59, 12);(50,51, 2);(50,60, 6);(51,52, 9);(51,61, 7);(52,53, 6);(52,62, 11);(53,54, 14);(53,63, 11);(54,55, 0);(54,64, 1);(55,56, 15);(55,65, 10);(56,57, 7);(56,66, 10);(57,58, 0);(57,67, 8);(58,59, 2);(58,68, 11);(59,69, 3);(60,61, 5);(60,70, 2);(61,62, 3);(61,71, 6);(62,63, 15);(62,72, 12);(63,64, 13);(63,73, 8);(64,65, 0);(64,74, 11);(65,66, 14);(65,75, 9);(66,67, 0);(66,76, 7);(67,68, 5);(67,77, 13);(68,69, 13);(68,78, 1);(69,79, 2);(70,71, 15);(70,80, 13);(71,72, 9);(71,81, 13);(72,73, 9);(72,82, 13);(73,74, 10);(73,83, 9);(74,75, 2);(74,84, 14);(75,76, 5);(75,85, 10);(76,77, 5);(76,86, 15);(77,78, 13);(77,87, 11);(78,79, 4);(78,88, 15);(79,89, 10);(80,81, 10);(80,90, 11);(81,82, 3);(81,91, 5);(82,83, 4);(82,92, 4);(83,84, 10);(83,93, 5);(84,85, 3);(84,94, 5);(85,86, 4);(85,95, 10);(86,87, 13);(86,96, 9);(87,88, 8);(87,97, 15);(88,89, 3);(88,98, 7);(89,99, 6);(90,91, 12);(91,92, 9);(92,93, 2);(93,94, 10);(94,95, 4);(95,96, 7);(96,97, 8);(97,98, 11);(98,99, 9)
0;99;10


[small-world]
(1,2,5);(2,3,4);(3,4,1);(4,5,3);(5,7,9);(7,1,3);(1,6,6)
0;3;10
